12
0 5029 1024 3851 4851 6453 250 4896 5219 746 7901 7374
3731 0 5613 9664 584 9945 6044 4669 1731 4050 8861 7917
7214 2376 0 8060 1891 4374 2867 6137 9484 5256 6698 8441
1904 7349 4924 0 2798 8019 5639 1143 8651 8002 4593 5152
8277 1270 1356 4024 0 4366 6045 7162 1687 1871 4352 7762
5926 5888 7368 157 2032 0 7524 6592 3565 7409 4121 860
5246 5357 1265 2801 8108 6700 0 6691 6297 6405 7027 9341
6806 5617 2784 7551 1642 1610 3458 0 8454 8509 3820 2077
1361 7246 2526 7406 6668 4060 7785 3886 0 2932 1814 9653
2539 101 7614 8836 8382 6518 8063 3359 5977 0 323 487
2217 2054 3786 4604 3623 5589 2757 3251 7947 5147 0 1829
4859 484 7447 6727 4841 4766 809 832 3550 1009 5194 0
