19
0 9787 4564 8995 5849 5047 9234 1979 7666 8883 7537 4869 8994 3632 5439 4197 6989 3971 8791
4214 0 8572 2494 4367 3221 9222 5150 3946 5070 4598 6466 3876 6472 7054 7947 6522 8179 3936
8863 4712 0 1845 5872 8229 755 2626 4436 2586 9219 982 7628 9701 8610 815 1227 2071 8388
8030 620 3550 0 3809 1468 4238 3350 3998 3667 5566 6772 7757 1028 1143 1876 7044 6376 2991
9461 9087 5612 8987 0 8852 344 9948 6144 8005 7965 5776 9979 6406 5591 670 6031 2890 9075
547 6251 6710 8756 4380 0 6119 205 7229 177 4762 3699 1150 7757 5910 5463 9554 5792 4155
5969 5060 5601 8700 2412 4928 0 503 666 8089 6693 3767 1727 3328 9978 1909 762 6689 5886
8817 1499 6483 8907 4908 6344 4857 0 5024 8942 153 8557 9544 4342 525 428 2222 7649 1359
5397 3425 4241 2362 7136 6288 4129 2911 0 9762 5832 6286 4666 9529 344 7488 9408 2385 4370
4113 7649 4073 9484 7291 9475 5662 4215 3876 0 6377 2452 886 9099 6198 1783 3495 2606 2480
9564 438 1785 1819 3277 620 3824 9545 5275 9080 0 5926 1511 7614 9388 385 8445 5747 5962
1662 7176 8393 2749 6618 49 3253 8933 6268 1939 7868 0 7223 4397 8422 7703 5839 3314 1334
2299 2384 2674 2775 1214 6593 4224 9823 9066 2623 8086 5277 0 1638 2052 7580 4490 6989 8264
406 7773 3792 794 7722 9055 4623 7916 3460 6369 9810 9836 1753 0 8764 2298 8738 6144 1127
7589 32 4508 2868 8140 493 8827 5768 7943 6339 9686 3603 2188 8695 0 9372 8143 3921 9354
1435 8992 9728 7249 6868 3810 1962 6602 811 5342 3058 2114 5304 6810 6284 0 1432 4353 1272
4887 4573 9066 8646 9792 1562 89 7902 5672 1191 9028 6215 5203 6783 6125 915 0 2684 6361
7233 7732 9778 7724 296 7813 9975 1536 8136 7238 3845 4556 7036 779 8721 4712 3916 0 8916
4437 9297 6322 8411 2167 1825 5955 3364 2118 9952 6778 8267 945 578 6884 4017 3510 5451 0
