14
0 1464 1532 1010 2106 5222 5089 3598 3046 9186 4597 2939 4430 9787
6109 0 1212 6818 3945 2524 953 1968 4972 6381 2255 9735 6168 8252
8123 3962 0 509 2579 8467 958 5155 5906 9473 9850 4176 5936 5067
8618 7857 9716 0 6393 7872 8800 9190 3547 6151 958 6008 4430 3071
8143 9226 6165 9804 0 3230 7783 585 9591 8503 4963 5860 3444 3601
4534 5021 5375 6325 4193 0 9741 7822 767 6160 4612 371 665 5161
3838 5254 4858 8464 6488 9891 0 3474 4814 3010 2118 2805 1517 882
9199 3290 2743 3647 2339 5522 251 0 3872 262 6876 3243 588 6086
161 53 118 7876 4106 7582 5694 3719 0 1681 6181 3359 9041 2508
4894 4308 4280 5901 1000 3304 9891 1934 3970 0 6504 7674 8318 3111
4696 375 6441 15 3546 3432 6590 2148 2414 141 0 8094 399 2137
4449 3087 984 7408 9702 530 4071 8359 4501 3849 2741 0 8293 1201
547 4677 178 2845 8772 2695 2724 5685 290 7187 6352 5255 0 1903
4469 1876 1323 6587 7926 9046 2025 1331 1747 5429 7623 9968 3268 0
