15
0 4866 362 7363 3708 2847 2006 4514 9219 3686 6829 3315 313 3256 6204
7348 0 9171 3992 8804 6771 5405 7538 1229 4803 6926 2260 1430 4535 9153
4677 843 0 8872 4240 9705 932 3434 7525 4684 8643 5764 7933 9037 7370
4413 8742 8292 0 2059 7882 654 7160 3304 2613 7833 894 1420 3656 7731
79 7370 9914 3734 0 76 9929 6353 5551 7363 2625 8213 1520 7292 2258
1090 4328 9419 3479 6930 0 6387 5058 1875 2874 7201 8217 7195 1489 9460
5570 5096 4766 8975 5540 5947 0 1490 749 4200 9555 583 8766 7907 6605
439 186 8983 1703 9484 283 3934 0 8836 4910 440 8186 3581 693 6772
462 6639 772 798 3162 9414 3642 5187 0 7627 5771 8176 9422 4773 2734
8773 1379 2068 9959 8554 6470 4311 6518 7394 0 3412 5745 4802 9671 9904
3832 5898 2187 569 4691 5920 491 2065 9044 5447 0 7486 2224 5039 1614
9614 6700 2327 9191 551 7277 8810 1280 4813 5455 87 0 9656 407 8149
1512 7413 9647 4370 6309 3246 8076 4328 4648 7230 2980 8158 0 6331 5639
4945 6148 2649 207 9874 2097 3430 4356 4188 1052 1910 6048 9581 0 1549
938 6500 7172 2715 5213 1752 9931 9026 3250 1576 9936 5399 7296 8864 0
