16
0 6307 7489 3164 4989 9110 7349 9990 2131 5996 3454 680 9608 2687 8278 7309
888 0 611 4613 5220 3714 102 7055 4270 8849 110 5649 1723 8453 5937 6958
7 5428 0 802 1110 8611 4280 9865 6157 8417 2732 2949 833 7277 8180 1439
3088 7251 6112 0 6272 364 1234 7066 2370 5670 2929 1939 7750 655 3060 1335
9290 9223 4210 2000 0 1990 8265 483 7407 9622 8486 4347 1041 38 9216 1726
3175 445 6563 348 2884 0 6470 4352 2207 5148 5764 733 7381 2111 187 1784
271 8462 8346 6286 3537 5180 0 1144 8019 7852 5923 5542 2275 2170 5411 9773
8104 9164 329 2226 5297 7670 5407 0 5602 3333 8750 8652 188 4958 2300 8254
2349 9359 7994 558 57 4962 1896 1366 0 6017 5238 747 7878 8903 6914 4565
1587 7761 5288 5844 7206 3172 3438 9768 8040 0 7717 969 3709 6830 1984 4047
2711 1881 4059 2484 1906 8038 7211 8551 2101 9848 0 5698 9398 3195 3521 1769
4708 2995 6917 2567 1096 807 2868 3960 9605 7333 320 0 7115 1203 6104 8172
3650 3398 3160 9320 6453 7941 2864 815 9833 6004 1094 4084 0 653 8460 7986
284 6939 9910 2144 5349 2825 1113 2263 5280 4600 9363 9108 8734 0 3349 8096
8524 8582 5289 1945 8948 4349 2168 2101 3177 4843 4959 1239 5267 8888 0 1044
8469 9672 2093 641 634 311 7821 9026 605 7303 8905 9408 7095 7236 4398 0
