13
0 3012 1453 1429 6368 1898 7283 1110 6711 5381 8553 7422 962
1578 0 4262 6888 4139 6078 6286 7625 5904 926 7873 2503 6810
415 8019 0 5088 7053 3158 1246 6763 1431 3382 4236 8637 3863
5672 8664 2631 0 6022 3673 8392 2509 275 6633 3238 5712 7905
4733 750 4491 4681 0 8107 6160 6379 7777 2939 7212 1780 3300
7744 3749 4101 3729 8651 0 8603 1096 8271 3021 6206 8645 6099
4159 2927 8829 3553 4889 5271 0 7401 9628 4745 5317 7811 6004
9427 5856 8199 8929 2679 320 3616 0 3920 9006 3622 2835 9073
6182 653 7253 3923 8105 7228 8767 2563 0 6593 9232 2354 4575
7864 3582 1308 5492 8198 2991 5261 3271 6741 0 1999 2858 8613
4734 3807 4128 4518 2309 1570 606 8927 6099 2966 0 5333 684
1979 1481 3817 2290 6703 8995 7833 8084 6033 327 1900 0 6851
8453 8354 8261 1789 3430 1040 1258 4808 1444 8688 1756 1195 0
