18
0 2963 8843 3553 6343 7017 3879 3645 174 1087 1728 4983 5326 223 5943 3136 1093 5376
9899 0 2776 1242 6503 2563 6420 7678 5605 5991 6313 368 1973 1483 6864 8421 7269 2653
1014 7138 0 7 3557 8667 8181 35 5371 9425 218 577 7705 874 9499 2090 7076 262
6706 6648 6586 0 1656 5544 2450 9809 1588 6940 7747 4820 4555 6173 9827 9525 77 8838
9446 5450 6578 4733 0 856 596 1149 10 3448 4430 6729 7316 7257 8196 6020 2180 4765
7191 5340 773 4721 9503 0 5125 9994 208 8902 1943 5123 9453 6809 2318 2998 5506 2751
4766 2854 3628 2225 8374 3810 0 7060 4149 8726 3608 573 4177 5430 1833 9335 9596 7356
4750 9896 9106 7057 275 7705 4544 0 3545 5937 2001 6708 906 8062 694 3324 6111 125
3443 8212 8200 9451 9571 5505 5459 7248 0 6436 9436 7654 607 8015 2655 607 3237 2464
1540 4352 4141 3463 2181 8694 9 1488 1110 0 4177 5464 561 6417 1439 3698 8951 1334
4837 272 852 6467 3324 4982 1327 2130 2766 1027 0 7648 49 1466 311 3302 2903 6266
3502 6767 3077 1755 5511 5706 5005 979 4725 5068 3438 0 5941 8355 6310 5550 9884 3895
9294 1639 7704 9260 6792 3064 942 3953 7943 5712 169 5619 0 2183 5861 1652 8091 7772
7780 1177 4293 2167 4945 1919 2954 1506 707 2882 3083 7549 1882 0 8492 9801 5819 7919
9194 3177 4226 2641 4632 8539 7246 4647 6840 6849 2916 4589 7446 6982 0 8742 298 92
7830 6851 9294 9855 373 9558 7038 1332 433 7409 8578 3900 5214 9491 2753 0 1596 6333
3948 3893 7204 6589 6627 4643 9849 1510 6884 4703 1003 1863 1578 1823 8557 7146 0 9440
1126 5806 9257 9358 1361 8004 5765 2418 9085 1736 7452 5123 5631 7921 9952 4996 3854 0
