17
0 2453 7725 4481 1507 5 1218 5432 4846 2555 3038 7488 4922 4396 2041 8085 8657
165 0 5683 1735 3428 6745 2941 8531 1083 7653 8456 2280 7874 7657 7718 4356 8753
998 3236 0 435 4476 949 6959 690 3990 9654 569 831 42 274 4359 8523 9238
9358 7412 4865 0 7565 4250 1930 1340 7341 9198 9040 7684 2463 4089 3049 494 9407
8581 529 527 6911 0 7061 4861 9624 177 2865 6155 5561 2835 7653 1626 4112 4537
4143 1243 2449 7267 4479 0 669 8512 363 306 9114 9990 3288 1605 5804 919 9815
566 4365 6273 785 7676 2678 0 9780 2279 992 4927 6737 2720 1126 991 3544 4901
65 7166 9953 5468 8704 7033 1162 0 1616 8793 7267 8344 7905 624 3330 133 4753
3214 1373 50 5568 1312 7223 2671 1437 0 4135 4059 3625 4046 6008 579 9022 1466
9665 5705 1973 5802 6779 5178 1377 5252 2427 0 9139 3593 7230 7050 2618 1632 8568
159 8434 607 5794 6871 3699 2539 1392 9529 1144 0 5704 4703 716 1298 3172 7087
120 1680 5107 1501 499 5196 7299 8693 6523 6225 1967 0 4357 8151 8991 9127 7353
902 6079 5202 3490 9787 1261 6976 9986 7615 3683 7947 6014 0 538 455 2072 3375
2002 8339 256 5324 9583 3854 9110 392 7204 4052 3736 9260 9504 0 4047 7437 2499
1505 5660 6379 6648 6406 8554 7402 9278 7016 6783 3051 3348 5677 68 0 5216 8976
2723 2520 4710 996 777 1935 1449 2338 3152 5273 5126 6832 1750 9237 5706 0 3671
4088 212 3451 1707 4145 4711 6628 5673 2456 9657 4644 3414 3445 1613 2074 7153 0
