11
0 3720 2377 5053 8088 3011 1055 3796 2733 9962 4157
5687 0 4441 6220 1822 9147 8617 1769 770 6523 9148
5192 8096 0 2344 8138 4507 7204 1248 5360 4416 7252
8006 6629 2146 0 7791 2413 1084 3571 4106 4311 132
9400 7290 8776 6667 0 6344 3749 724 631 4747 2549
6383 287 9340 4804 6118 0 1425 4437 9645 2092 6730
1434 9026 1914 3793 6483 9413 0 8348 1419 21 2429
1509 9547 4663 1147 322 2855 7299 0 6205 3398 9012
4736 38 4459 9750 957 7320 7295 9241 0 8661 713
2785 2309 4826 3765 5678 6123 2596 3221 776 0 8687
3717 9862 3197 9597 3753 1573 6265 6500 9834 7182 0
